tag=pbch_nearmiss
reason=dmrs_weak
ts_first=44868329
abs_samp0=44868329
nsamps=623184
fs_hz=30720000
center_freq_hz=2114550000
rx_gain_db=64.0
pci=84
ssb_index=4
coarse_offset_samp=126409
cfo_hz=464.14
snr_db=2.09
pss_metric=0.255735
pbch_metric=0.114570
pbch_metric_second=0.114402
pbch_ok=0
mib_ok=0
mib_payload=0x000000
