tag=pbch_ok
reason=none
ts_first=43508292
abs_samp0=43508292
nsamps=623184
fs_hz=30720000
center_freq_hz=2114550000
rx_gain_db=64.0
pci=84
ssb_index=3
coarse_offset_samp=257689
cfo_hz=1111.28
snr_db=1.93
pss_metric=0.252712
pbch_metric=0.667194
pbch_metric_second=0.661772
pbch_ok=1
mib_ok=1
mib_payload=0x8c2b15
