tag=pbch_nearmiss
reason=dmrs_weak
ts_first=44826910
abs_samp0=44826910
nsamps=623184
fs_hz=30720000
center_freq_hz=2114550000
rx_gain_db=58.0
pci=84
ssb_index=4
coarse_offset_samp=475116
cfo_hz=2704.45
snr_db=2.09
pss_metric=0.273622
pbch_metric=0.184883
pbch_metric_second=0.181597
pbch_ok=0
mib_ok=0
mib_payload=0x000000
