tag=pbch_nearmiss
reason=dmrs_weak
ts_first=43580542
abs_samp0=43580542
nsamps=623184
fs_hz=30720000
center_freq_hz=2114550000
rx_gain_db=58.0
pci=84
ssb_index=6
coarse_offset_samp=492729
cfo_hz=2077.07
snr_db=2.05
pss_metric=0.265384
pbch_metric=0.151963
pbch_metric_second=0.149941
pbch_ok=0
mib_ok=0
mib_payload=0x000000
