tag=pbch_nearmiss
reason=dmrs_weak
ts_first=43540429
abs_samp0=43540429
nsamps=623184
fs_hz=30720000
center_freq_hz=2114550000
rx_gain_db=61.0
pci=84
ssb_index=4
coarse_offset_samp=613649
cfo_hz=1588.47
snr_db=2.28
pss_metric=0.288792
pbch_metric=0.154655
pbch_metric_second=0.142958
pbch_ok=0
mib_ok=0
mib_payload=0x000000
