tag=pbch_ok
reason=none
ts_first=44786797
abs_samp0=44786797
nsamps=623184
fs_hz=30720000
center_freq_hz=2114550000
rx_gain_db=61.0
pci=84
ssb_index=3
coarse_offset_samp=596166
cfo_hz=2157.42
snr_db=2.25
pss_metric=0.301030
pbch_metric=0.770502
pbch_metric_second=0.768809
pbch_ok=1
mib_ok=1
mib_payload=0x642b15
